29
0	957	1310	843	1480	1560	1485	1613	1261	1137	1045	1411	1113	859	1379	975	1625	1221	1584	1599	1150	1207	1619	988	883	952	1210	944	907	
957	0	1019	1668	1011	1172	1460	920	1240	1119	1556	951	1305	1170	1356	1299	1396	985	1044	849	1355	1419	953	1620	998	1591	1120	1014	1342	
1310	1019	0	1105	963	1244	1114	1282	1531	852	1420	1482	1367	1003	1053	1408	1298	1070	1223	1354	996	1671	1475	1384	1473	1198	1281	1453	1430	
843	1668	1105	0	1373	1028	886	1572	841	1397	893	1449	1224	1628	917	939	1264	1325	1529	999	1328	1022	1100	1092	1300	1182	1149	1352	1000	
1480	1011	963	1373	0	1611	1266	1235	937	1175	1059	1353	1412	1189	1121	1326	1544	1406	1176	1390	1191	1644	1222	1344	1048	962	1184	921	1459	
1560	1172	1244	1028	1611	0	1680	1554	1559	1662	1478	1635	1278	918	1558	1163	1079	1542	1192	869	1503	1387	1160	1037	947	1302	1457	1650	1672	
1485	1460	1114	886	1266	1680	0	1219	1601	1041	1245	1286	910	1535	844	943	1540	1651	1655	1212	1372	1467	1173	1490	931	966	1510	1131	984	
1613	920	1282	1572	1235	1554	1219	0	1568	1504	902	1316	1440	986	1108	1681	1327	950	1604	942	1006	904	1243	1642	1226	1002	1319	1200	1386	
1261	1240	1531	841	937	1559	1601	1568	0	1654	1632	872	1062	1539	1321	1201	1496	1676	1436	1623	894	881	1418	1498	1590	1010	1666	1640	945	
1137	1119	852	1397	1175	1662	1041	1504	1654	0	873	1134	1301	1057	1511	1669	1612	1600	994	960	1638	1618	1078	1116	890	1317	1051	1521	1377	
1045	1556	1420	893	1059	1478	1245	902	1632	873	0	1376	1522	1296	1616	1343	1360	1130	1203	1456	940	1394	934	1231	1035	1378	1250	1289	1211	
1411	951	1482	1449	1353	1635	1286	1316	872	1134	1376	0	955	1216	1060	1178	1593	1348	1139	866	1277	1574	1255	1144	1441	1444	1217	1431	1072	
1113	1305	1367	1224	1412	1278	910	1440	1062	1301	1522	955	0	1491	1063	1269	1519	1314	976	1530	1447	1280	1181	981	1284	1639	1586	1682	1330	
859	1170	1003	1628	1189	918	1535	986	1539	1057	1296	1216	1491	0	929	1561	1008	1034	959	1527	1656	1357	1283	1403	1065	1272	1287	868	1110	
1379	1356	1053	917	1121	1558	844	1108	1321	1511	1616	1060	1063	929	0	1381	1320	1013	1427	1333	875	1416	1557	1275	1209	1023	1290	1652	1422	
975	1299	1408	939	1326	1163	943	1681	1201	1669	1343	1178	1269	1561	1381	0	1648	1293	1125	1471	1082	1106	864	1365	1263	898	1260	1483	974	
1625	1396	1298	1264	1544	1079	1540	1327	1496	1612	1360	1593	1519	1008	1320	1648	0	909	1005	1256	885	1196	1508	1185	1383	936	1395	1138	1549	
1221	985	1070	1325	1406	1542	1651	950	1676	1600	1130	1348	1314	1034	1013	1293	909	0	1523	1359	1505	1270	1629	1049	1385	1350	1392	899	1180	
1584	1044	1223	1529	1176	1192	1655	1604	1436	994	1203	1139	976	959	1427	1125	1005	1523	0	1267	1090	1199	1238	1241	1086	1136	1230	1249	946	
1599	849	1354	999	1390	869	1212	942	1623	960	1456	866	1530	1527	1333	1471	1256	1359	1267	0	1233	1438	1168	1646	1589	1594	1046	1665	1204	
1150	1355	996	1328	1191	1503	1372	1006	894	1638	940	1277	1447	1656	875	1082	885	1505	1090	1233	0	1677	1265	1502	1304	1295	850	1413	1188	
1207	1419	1671	1022	1644	1387	1467	904	881	1618	1394	1574	1280	1357	1416	1106	1196	1270	1199	1438	1677	0	1583	1262	983	1016	1274	1363	1234	
1619	953	1475	1100	1222	1160	1173	1243	1418	1078	934	1255	1181	1283	1557	864	1508	1629	1238	1168	1265	1583	0	1311	1598	1164	1528	1488	932	
988	1620	1384	1092	1344	1037	1490	1642	1498	1116	1231	1144	981	1403	1275	1365	1185	1049	1241	1646	1502	1262	1311	0	1148	1074	867	1186	1056	
883	998	1473	1300	1048	947	931	1226	1590	890	1035	1441	1284	1065	1209	1263	1383	1385	1086	1589	1304	983	1598	1148	0	935	914	1292	1107	
952	1591	1198	1182	962	1302	966	1002	1010	1317	1378	1444	1639	1272	1023	898	936	1350	1136	1594	1295	1016	1164	1074	935	0	1435	1645	1374	
1210	1120	1281	1149	1184	1457	1510	1319	1666	1051	1250	1217	1586	1287	1290	1260	1395	1392	1230	1046	850	1274	1528	867	914	1435	0	1025	956	
944	1014	1453	1352	921	1650	1131	1200	1640	1521	1289	1431	1682	868	1652	1483	1138	899	1249	1665	1413	1363	1488	1186	1292	1645	1025	0	928	
907	1342	1430	1000	1459	1672	984	1386	945	1377	1211	1072	1330	1110	1422	974	1549	1180	946	1204	1188	1234	932	1056	1107	1374	956	928	0	
