21
0 4647 5558 3106 989 7345 1343 4270 5669 7144 5017 1595 2566 907 2127 3587 3604 7834 4312 2237 6381
4647 0 2801 1829 4400 4588 5112 8039 2912 4387 2260 3540 2643 4676 5896 7356 7373 5077 1555 3132 3624
5558 2801 0 2740 5311 3287 6023 8950 1611 3086 1303 4451 3554 5587 6807 8267 8284 3776 2040 4043 2323
3106 1829 2740 0 2859 4527 3571 6498 2851 4326 2199 1999 1102 3135 4355 5815 5832 5016 1494 1591 3563
989 4400 5311 2859 0 7098 1454 4381 5422 6897 4770 1348 2319 1018 2238 3698 3715 7587 4065 1990 6134
7345 4588 3287 4527 7098 0 7810 10737 3232 1491 3090 6238 5341 7374 8594 10054 10071 1161 3827 5830 2722
1343 5112 6023 3571 1454 7810 0 3123 6134 7609 5482 2060 3031 1184 980 2440 2457 8299 4777 2702 6846
4270 8039 8950 6498 4381 10737 3123 0 9061 10536 8409 4987 5958 4111 2521 2383 1058 11226 7704 5629 9773
5669 2912 1611 2851 5422 3232 6134 9061 0 3031 1414 4562 3665 5698 6918 8378 8395 3721 2151 4154 2268
7144 4387 3086 4326 6897 1491 7609 10536 3031 0 2889 6037 5140 7173 8393 9853 9870 1980 3626 5629 2521
5017 2260 1303 2199 4770 3090 5482 8409 1414 2889 0 3910 3013 5046 6266 7726 7743 3579 1499 3502 2126
1595 3540 4451 1999 1348 6238 2060 4987 4562 6037 3910 0 1459 1624 2844 4304 4321 6727 3205 1130 5274
2566 2643 3554 1102 2319 5341 3031 5958 3665 5140 3013 1459 0 2595 3815 5275 5292 5830 2308 1051 4377
907 4676 5587 3135 1018 7374 1184 4111 5698 7173 5046 1624 2595 0 1968 3428 3445 7863 4341 2266 6410
2127 5896 6807 4355 2238 8594 980 2521 6918 8393 6266 2844 3815 1968 0 1838 1855 9083 5561 3486 7630
3587 7356 8267 5815 3698 10054 2440 2383 8378 9853 7726 4304 5275 3428 1838 0 1717 10543 7021 4946 9090
3604 7373 8284 5832 3715 10071 2457 1058 8395 9870 7743 4321 5292 3445 1855 1717 0 10560 7038 4963 9107
7834 5077 3776 5016 7587 1161 8299 11226 3721 1980 3579 6727 5830 7863 9083 10543 10560 0 4316 6319 3211
4312 1555 2040 1494 4065 3827 4777 7704 2151 3626 1499 3205 2308 4341 5561 7021 7038 4316 0 2797 2863
2237 3132 4043 1591 1990 5830 2702 5629 4154 5629 3502 1130 1051 2266 3486 4946 4963 6319 2797 0 4866
6381 3624 2323 3563 6134 2722 6846 9773 2268 2521 2126 5274 4377 6410 7630 9090 9107 3211 2863 4866 0
