23
14
0 4969 4793 8430 4817 3119 2318 10100 10063 3122 2614 7945 3202 7181 3481 9129 9519 6087 9213 3799 6223 2527 1589
4969 0 1228 4393 780 3246 3733 6063 6026 6213 5705 3908 6293 3144 3118 5092 5482 2050 5176 1494 2186 5618 4680
4793 1228 0 4689 1076 3070 3557 6359 6322 6037 5529 4204 6117 3440 2942 5388 5778 2346 5472 1318 2482 5442 4504
8430 4393 4689 0 4041 6707 7194 2560 2523 9674 9166 1605 9754 2797 6579 1589 1979 3761 1673 4955 3785 9079 8141
4817 780 1076 4041 0 3094 3581 5711 5674 6061 5553 3556 6141 2792 2966 4740 5130 1698 4824 1342 1834 5466 4528
3119 3246 3070 6707 3094 0 1883 8377 8340 4363 3855 6222 4443 5458 1758 7406 7796 4364 7490 2076 4500 3768 2830
2318 3733 3557 7194 3581 1883 0 8864 8827 3562 3054 6709 3642 5945 2245 7893 8283 4851 7977 2563 4987 2967 2029
10100 6063 6359 2560 5711 8377 8864 0 1855 11344 10836 3275 11424 4467 8249 2749 1595 5431 2369 6625 5455 10749 9811
10063 6026 6322 2523 5674 8340 8827 1855 0 11307 10799 3238 11387 4430 8212 2712 1558 5394 2332 6588 5418 10712 9774
3122 6213 6037 9674 6061 4363 3562 11344 11307 0 1862 9189 1524 8425 4725 10373 10763 7331 10457 5043 7467 715 2293
2614 5705 5529 9166 5553 3855 3054 10836 10799 1862 0 8681 1942 7917 4217 9865 10255 6823 9949 4535 6959 1267 1785
7945 3908 4204 1605 3556 6222 6709 3275 3238 9189 8681 0 9269 2312 6094 2304 2694 3276 2388 4470 3300 8594 7656
3202 6293 6117 9754 6141 4443 3642 11424 11387 1524 1942 9269 0 8505 4805 10453 10843 7411 10537 5123 7547 929 2373
7181 3144 3440 2797 2792 5458 5945 4467 4430 8425 7917 2312 8505 0 5330 3496 3886 2512 3580 3706 2536 7830 6892
3481 3118 2942 6579 2966 1758 2245 8249 8212 4725 4217 6094 4805 5330 0 7278 7668 4236 7362 1948 4372 4130 3192
9129 5092 5388 1589 4740 7406 7893 2749 2712 10373 9865 2304 10453 3496 7278 0 2168 4460 1862 5654 4484 9778 8840
9519 5482 5778 1979 5130 7796 8283 1595 1558 10763 10255 2694 10843 3886 7668 2168 0 4850 1788 6044 4874 10168 9230
6087 2050 2346 3761 1698 4364 4851 5431 5394 7331 6823 3276 7411 2512 4236 4460 4850 0 4544 2612 1554 6736 5798
9213 5176 5472 1673 4824 7490 7977 2369 2332 10457 9949 2388 10537 3580 7362 1862 1788 4544 0 5738 4568 9862 8924
3799 1494 1318 4955 1342 2076 2563 6625 6588 5043 4535 4470 5123 3706 1948 5654 6044 2612 5738 0 2748 4448 3510
6223 2186 2482 3785 1834 4500 4987 5455 5418 7467 6959 3300 7547 2536 4372 4484 4874 1554 4568 2748 0 6872 5934
2527 5618 5442 9079 5466 3768 2967 10749 10712 715 1267 8594 929 7830 4130 9778 10168 6736 9862 4448 6872 0 1698
1589 4680 4504 8141 4528 2830 2029 9811 9774 2293 1785 7656 2373 6892 3192 8840 9230 5798 8924 3510 5934 1698 0
