0 73 101 52 166 107 28 122 65 98 192 123 113 92 87 136 75 157 69 105 179 40 123 151 45 63 32 90 42 181 195 70
73 0 148 47 213 50 75 65 36 145 239 170 160 35 30 183 122 204 28 48 226 45 66 198 92 110 55 137 89 228 242 117
101 148 0 127 95 182 83 197 140 27 121 52 42 167 162 65 38 86 144 180 108 115 198 80 74 66 107 35 87 110 124 49
52 47 127 0 192 81 54 96 39 124 218 149 139 66 61 162 101 183 43 79 205 24 97 177 71 89 34 116 68 207 221 96
166 213 95 192 0 247 148 262 205 78 36 61 77 232 227 52 103 29 209 245 23 180 263 41 139 131 172 100 152 25 39 114
107 50 182 81 247 0 109 29 70 179 273 204 194 39 50 217 156 238 62 30 260 79 30 232 126 144 89 171 123 262 276 151
28 75 83 54 148 109 0 124 67 80 174 105 95 94 89 118 57 139 71 107 161 42 125 133 27 45 34 72 24 163 177 52
122 65 197 96 262 29 124 0 85 194 288 219 209 54 65 232 171 253 77 45 275 94 29 247 141 159 104 186 138 277 291 166
65 36 140 39 205 70 67 85 0 137 231 162 152 55 50 175 114 196 32 68 218 37 86 190 84 102 47 129 81 220 234 109
98 145 27 124 78 179 80 194 137 0 104 35 25 164 159 48 35 69 141 177 91 112 195 63 71 63 104 32 84 93 107 46
192 239 121 218 36 273 174 288 231 104 0 87 103 258 253 78 129 55 235 271 25 206 289 67 165 157 198 126 178 37 27 140
123 170 52 149 61 204 105 219 162 35 87 0 34 189 184 31 60 52 166 202 74 137 220 46 96 88 129 57 109 76 90 71
113 160 42 139 77 194 95 209 152 25 103 34 0 179 174 47 50 68 156 192 90 127 210 62 86 78 119 47 99 92 106 61
92 35 167 66 232 39 94 54 55 164 258 189 179 0 35 202 141 223 47 37 245 64 55 217 111 129 74 156 108 247 261 136
87 30 162 61 227 50 89 65 50 159 253 184 174 35 0 197 136 218 42 48 240 59 66 212 106 124 69 151 103 242 256 131
136 183 65 162 52 217 118 232 175 48 78 31 47 202 197 0 73 43 179 215 65 150 233 37 109 101 142 70 122 67 81 84
75 122 38 101 103 156 57 171 114 35 129 60 50 141 136 73 0 94 118 154 116 89 172 88 48 40 81 27 61 118 132 23
157 204 86 183 29 238 139 253 196 69 55 52 68 223 218 43 94 0 200 236 42 171 254 32 130 122 163 91 143 44 58 105
69 28 144 43 209 62 71 77 32 141 235 166 156 47 42 179 118 200 0 60 222 41 78 194 88 106 51 133 85 224 238 113
105 48 180 79 245 30 107 45 68 177 271 202 192 37 48 215 154 236 60 0 258 77 46 230 124 142 87 169 121 260 274 149
179 226 108 205 23 260 161 275 218 91 25 74 90 245 240 65 116 42 222 258 0 193 276 54 152 144 185 113 165 24 28 127
40 45 115 24 180 79 42 94 37 112 206 137 127 64 59 150 89 171 41 77 193 0 95 165 59 77 22 104 56 195 209 84
123 66 198 97 263 30 125 29 86 195 289 220 210 55 66 233 172 254 78 46 276 95 0 248 142 160 105 187 139 278 292 167
151 198 80 177 41 232 133 247 190 63 67 46 62 217 212 37 88 32 194 230 54 165 248 0 124 116 157 85 137 56 70 99
45 92 74 71 139 126 27 141 84 71 165 96 86 111 106 109 48 130 88 124 152 59 142 124 0 36 51 63 31 154 168 43
63 110 66 89 131 144 45 159 102 63 157 88 78 129 124 101 40 122 106 142 144 77 160 116 36 0 69 55 49 146 160 35
32 55 107 34 172 89 34 104 47 104 198 129 119 74 69 142 81 163 51 87 185 22 105 157 51 69 0 96 48 187 201 76
90 137 35 116 100 171 72 186 129 32 126 57 47 156 151 70 27 91 133 169 113 104 187 85 63 55 96 0 76 115 129 38
42 89 87 68 152 123 24 138 81 84 178 109 99 108 103 122 61 143 85 121 165 56 139 137 31 49 48 76 0 167 181 56
181 228 110 207 25 262 163 277 220 93 37 76 92 247 242 67 118 44 224 260 24 195 278 56 154 146 187 115 167 0 40 129
195 242 124 221 39 276 177 291 234 107 27 90 106 261 256 81 132 58 238 274 28 209 292 70 168 160 201 129 181 40 0 143
70 117 49 96 114 151 52 166 109 46 140 71 61 136 131 84 23 105 113 149 127 84 167 99 43 35 76 38 56 129 143 0
